Scilab 5.5.2 (Apr  6 2016, 20:24:15)
1.000000  -35.493533  -34.147743
2.000000  -33.613938  -32.852477
3.000000  -33.182488  -32.240885
4.000000  -32.853856  -32.109386
5.000000  -31.685833  -31.327752
6.000000  -31.608760  -31.004468
7.000000  -31.011320  -30.666249
8.000000  -30.568276  -30.291722
9.000000  -30.517210  -29.961102
10.000000  -30.251394  -29.635931
11.000000  -29.671857  -29.422161
12.000000  -29.453672  -28.710756
13.000000  -28.975492  -28.401247
14.000000  -28.534664  -28.254850
15.000000  -28.317389  -27.906297
16.000000  -27.912808  -27.506228
17.000000  -27.533417  -27.445877
18.000000  -27.252134  -27.270667
19.000000  -26.986492  -26.895568
20.000000  -26.705100  -26.586771
21.000000  -26.107936  -26.140613
22.000000  -25.984287  -26.006317
23.000000  -25.902372  -25.762869
24.000000  -25.846558  -25.565027
25.000000  -25.600196  -25.248942
26.000000  -25.119799  -25.026213
27.000000  -24.856324  -24.654819
28.000000  -24.649501  -24.391722
29.000000  -24.278728  -24.331677
30.000000  -24.150203  -23.756051
31.000000  -23.853538  -23.646813
32.000000  -23.492817  -23.527538
33.000000  -23.299465  -23.210240
34.000000  -22.905376  -23.037709
35.000000  -22.657473  -22.697263
36.000000  -22.258510  -22.394960
37.000000  -21.969978  -22.275793
38.000000  -21.770546  -21.899620
39.000000  -21.463986  -21.833411
40.000000  -21.295571  -21.558179
41.000000  -21.184708  -21.263651
42.000000  -21.028794  -21.110505
43.000000  -20.745592  -20.860379
44.000000  -20.632311  -20.659143
45.000000  -20.099122  -20.439629
46.000000  -19.994215  -20.419902
47.000000  -19.903876  -20.276075
48.000000  -19.705301  -19.777355
49.000000  -19.589620  -19.610200
50.000000  -19.367035  -19.404004
51.000000  -19.196881  -19.256893
52.000000  -18.840273  -18.989773
53.000000  -18.667753  -18.772071
54.000000  -18.452670  -18.645182
55.000000  -18.337293  -18.341709
56.000000  -18.038390  -18.245033
57.000000  -17.961585  -18.121119
58.000000  -17.724823  -17.802776
59.000000  -17.526860  -17.673580
60.000000  -17.265766  -17.403814
61.000000  -16.950162  -17.043937
62.000000  -16.674383  -16.939439
63.000000  -16.645217  -16.698654
64.000000  -16.467330  -16.512962
65.000000  -16.265117  -16.163089
66.000000  -16.089039  -16.087627
67.000000  -15.990097  -15.898875
68.000000  -15.818246  -15.534269
69.000000  -15.571517  -15.424787
70.000000  -15.396022  -15.265380
71.000000  -15.340144  -15.140833
72.000000  -14.805879  -14.889959
73.000000  -14.524056  -14.624101
74.000000  -14.342925  -14.501484
75.000000  -14.238148  -14.340939
76.000000  -14.140170  -13.932028
77.000000  -13.731268  -13.816616
78.000000  -13.612056  -13.773714
79.000000  -13.522515  -13.562723
80.000000  -13.241181  -13.434991
81.000000  -13.110576  -13.144861
82.000000  -12.808381  -12.950192
83.000000  -12.694092  -12.848632
84.000000  -12.446675  -12.566252
85.000000  -12.151625  -12.479004
86.000000  -12.130746  -12.037469
87.000000  -11.927402  -11.856553
88.000000  -11.767632  -11.525013
89.000000  -11.501042  -11.481969
90.000000  -11.390775  -11.272982
91.000000  -11.181882  -10.960339
92.000000  -10.967193  -10.820034
93.000000  -10.905376  -10.540483
94.000000  -10.786212  -10.347697
95.000000  -10.674976  -10.169727
96.000000  -10.325306  -10.140175
97.000000  -10.139155  -9.893242
98.000000  -10.011872  -9.709926
99.000000  -9.779723  -9.669490
100.000000  -9.656456  -9.499867
101.000000  -9.417215  -9.242424
102.000000  -9.205997  -9.091014
103.000000  -9.071042  -8.907430
104.000000  -8.941026  -8.744184
105.000000  -8.622607  -8.667027
106.000000  -8.435778  -8.493926
107.000000  -8.201863  -8.177865
108.000000  -8.165519  -7.956549
109.000000  -7.884466  -7.845608
110.000000  -7.557972  -7.722481
111.000000  -7.359650  -7.555361
112.000000  -7.225385  -7.377450
113.000000  -7.173896  -7.160224
114.000000  -6.916196  -6.673791
115.000000  -6.583113  -6.415685
116.000000  -6.363812  -6.171801
117.000000  -6.171366  -6.023758
118.000000  -5.980836  -5.854841
119.000000  -5.756989  -5.675157
120.000000  -5.648189  -5.539697
121.000000  -5.583732  -5.459754
122.000000  -5.514225  -5.205245
123.000000  -5.014910  -5.029684
124.000000  -4.825649  -4.802002
125.000000  -4.701050  -4.616912
126.000000  -4.528193  -4.392138
127.000000  -4.354051  -4.168596
128.000000  -4.284566  -4.121097
129.000000  -4.066709  -3.888570
130.000000  -3.929817  -3.761135
131.000000  -3.786909  -3.558804
132.000000  -3.450885  -3.373979
133.000000  -3.263273  -3.246680
134.000000  -3.120009  -2.884680
135.000000  -3.066181  -2.808020
136.000000  -2.926620  -2.633841
137.000000  -2.518947  -2.353193
138.000000  -2.452305  -2.254664
139.000000  -2.272957  -2.098516
140.000000  -2.198454  -2.001581
141.000000  -1.950775  -1.842135
142.000000  -1.818267  -1.556734
143.000000  -1.564672  -1.507939
144.000000  -1.437535  -1.368939
145.000000  -1.148010  -1.248700
146.000000  -1.064570  -0.904117
147.000000  -0.976453  -0.778033
148.000000  -0.820619  -0.693569
149.000000  -0.418359  -0.502808
150.000000  -0.341343  -0.051917
151.000000  -0.205730  0.119667
152.000000  -0.057242  0.255203
153.000000  0.132279  0.466434
154.000000  0.255536  0.626253
155.000000  0.558586  0.681364
156.000000  0.882836  0.885456
157.000000  1.158072  1.287263
158.000000  1.224132  1.393563
159.000000  1.269660  1.581736
160.000000  1.640298  1.725968
161.000000  1.744939  1.796525
162.000000  1.934536  1.958758
163.000000  2.177416  2.078302
164.000000  2.221250  2.391578
165.000000  2.386910  2.569240
166.000000  2.652076  2.797850
167.000000  3.035943  2.999542
168.000000  3.173922  3.135319
169.000000  3.444480  3.182086
170.000000  3.529572  3.520501
171.000000  3.611828  3.639439
172.000000  3.816788  3.873168
173.000000  3.899164  4.220652
174.000000  4.307424  4.362554
175.000000  4.462687  4.406468
176.000000  4.547558  4.536615
177.000000  4.842397  4.923366
178.000000  5.093506  4.955875
179.000000  5.188598  5.176644
180.000000  5.275182  5.320854
181.000000  5.496238  5.507948
182.000000  5.660194  5.651270
183.000000  5.764657  5.778351
184.000000  5.962236  5.952581
185.000000  6.033443  6.148117
186.000000  6.216759  6.268410
187.000000  6.418779  6.390338
188.000000  6.507721  6.636410
189.000000  6.849162  6.809560
190.000000  6.909516  6.964880
191.000000  7.066957  7.150952
192.000000  7.681271  7.447249
193.000000  7.815526  7.580798
194.000000  7.852294  7.813317
195.000000  8.046992  7.932780
196.000000  8.186545  8.214124
197.000000  8.317200  8.490974
198.000000  8.475776  8.714170
199.000000  8.919614  8.974358
200.000000  8.929150  9.069443
201.000000  9.048434  9.369217
202.000000  9.318843  9.586003
203.000000  9.686585  9.709647
204.000000  9.800026  9.812475
205.000000  9.961116  10.020524
206.000000  10.232028  10.135407
207.000000  10.542517  10.456571
208.000000  10.570733  10.689082
209.000000  10.823975  10.831005
210.000000  10.969025  10.899018
211.000000  11.131454  11.037013
212.000000  11.223434  11.250153
213.000000  11.607595  11.601780
214.000000  11.733654  11.720145
215.000000  11.800661  11.857783
216.000000  12.079649  12.132409
217.000000  12.280087  12.303974
218.000000  12.391749  12.565752
219.000000  12.523793  12.999874
220.000000  12.570874  13.099396
221.000000  12.848716  13.142512
222.000000  12.934701  13.469207
223.000000  13.145818  13.741618
224.000000  13.335749  13.873111
225.000000  13.613556  13.995646
226.000000  13.931071  14.156302
227.000000  14.104884  14.446084
228.000000  14.192138  14.496215
229.000000  14.503898  14.827054
230.000000  14.846437  15.159980
231.000000  15.056568  15.242828
232.000000  15.240501  15.463490
233.000000  15.496936  15.555406
234.000000  15.747289  15.796018
235.000000  15.817120  16.135052
236.000000  16.149429  16.233058
237.000000  16.199507  16.530645
238.000000  16.431523  16.685100
239.000000  16.678902  16.852340
240.000000  16.852376  17.135933
241.000000  16.978107  17.272782
242.000000  17.426867  17.424676
243.000000  17.526003  17.766237
244.000000  17.624221  17.941982
245.000000  17.919560  18.286820
246.000000  17.960146  18.343638
247.000000  18.133773  18.572482
248.000000  18.348274  18.786444
249.000000  18.747890  19.056877
250.000000  18.947813  19.258256
251.000000  19.084418  19.388247
252.000000  19.413873  19.741501
253.000000  19.627281  19.846552
254.000000  19.763689  20.082110
255.000000  20.082535  20.354371
256.000000  20.410045  20.478633
257.000000  20.633668  20.859750
258.000000  20.882077  21.235990
259.000000  20.928462  21.434115
260.000000  20.955606  21.606105
261.000000  21.240064  21.848981
262.000000  21.492868  21.996877
263.000000  21.813984  22.193595
264.000000  22.074928  22.268310
265.000000  22.344055  22.528244
266.000000  22.625151  23.102182
267.000000  22.768745  23.208976
268.000000  23.065250  23.286246
269.000000  23.166181  23.584811
270.000000  23.391019  23.630001
271.000000  23.764104  23.977036
272.000000  24.012366  24.076407
273.000000  24.363097  24.658757
274.000000  24.570172  24.888222
275.000000  24.670529  25.183737
276.000000  25.031955  25.401222
277.000000  25.414954  25.464058
278.000000  25.585082  25.828090
279.000000  26.016317  26.141316
280.000000  26.113275  26.387605
281.000000  26.557209  26.626591
282.000000  26.729731  27.166774
283.000000  27.009172  27.562539
284.000000  27.522965  27.727942
285.000000  27.605359  28.184948
286.000000  27.752380  28.334498
287.000000  27.990877  28.443309
288.000000  28.632825  28.874063
289.000000  29.015372  29.612522
290.000000  29.209298  29.674849
291.000000  29.665131  30.355629
292.000000  29.795046  30.576330
293.000000  30.139605  30.625215
294.000000  30.903168  31.469458
295.000000  30.980278  31.699128
296.000000  31.208555  32.048142
297.000000  31.894110  32.315649
298.000000  32.549399  33.432554
299.000000  32.751215  33.747750
300.000000  33.773404  34.492828
