  -27.169922155876748     
  -27.036772243100771     
  -26.249558284446721     
  -25.785799502883691     
  -25.114349681088846     
  -24.936140857225020     
  -23.911511488158883     
  -23.609256477612675     
  -23.558664070731037     
  -23.322296988563092     
  -22.347633162586831     
  -22.269829510718587     
  -21.823810040540334     
  -21.590442060462895     
  -21.289384311086359     
  -20.956049335206355     
  -20.746069234797634     
  -20.467217830192041     
  -19.941265991658621     
  -19.730065805345046     
  -19.507261921562392     
  -19.015978691788092     
  -18.678431875112331     
  -18.622778784109705     
  -18.070932200211587     
  -17.815633491110095     
  -17.362364839083980     
  -17.218924648270370     
  -16.919070292821090     
  -16.711165327071619     
  -16.451123790282161     
  -16.239919631169137     
  -15.940260730805489     
  -15.820295736548116     
  -15.424713153791219     
  -15.157026911241651     
  -15.030288871001654     
  -14.754066568062726     
  -14.502392630508997     
  -14.218999608305225     
  -13.731736719402310     
  -13.556592439027849     
  -13.456380401627611     
  -13.066502190678365     
  -12.938118226580919     
  -12.568394602349203     
  -11.905861808155880     
  -11.770883346024378     
  -11.676084085361540     
  -11.414379147976652     
  -11.359835475666063     
  -11.042934327680401     
  -10.847310302172497     
  -10.786072158544817     
  -10.307796284461260     
  -10.253983719714560     
  -9.7964752045666135     
  -9.6896489124199849     
  -9.3801857557185979     
  -9.0008966373068429     
  -8.8103176238613212     
  -8.5678481041136418     
  -8.3328053718851969     
  -8.3014765100662142     
  -8.0959040534199982     
  -7.9468443676181577     
  -7.5100975993357153     
  -7.3418462491620069     
  -7.1052975880461879     
  -6.8022201049249604     
  -6.5976355704519554     
  -6.3475944199213430     
  -6.1803118185670787     
  -5.8997564473231776     
  -5.6567831087158087     
  -5.4617401021510856     
  -5.3548341133046282     
  -5.1858100527089981     
  -4.9615143832226654     
  -4.6949828297230143     
  -4.6588925341674221     
  -4.3309567902948025     
  -4.1792013756038457     
  -3.6231989626625323     
  -3.4796790697984754     
  -3.0909884664562517     
  -2.8240988498818447     
  -2.6870102968076317     
  -2.3623647967693935     
  -2.3246294383832851     
  -2.0431784084932620     
  -1.7432165818528429     
  -1.6884434785785012     
  -1.3081214841195874     
  -1.0586546414788458     
 -0.89772305727395030     
 -0.77927802397663082     
 -0.47698606644626756     
  -7.8055103508323592E-002
   5.2603850829875107E-002
  0.36130327161533526     
  0.48103189636998855     
  0.76858653874886429     
  0.97919538198267853     
   1.1325696229537334     
   1.4987541059066032     
   1.5776940562192041     
   1.8375837178332508     
   2.0676124331051584     
   2.2931127246719130     
   2.5089188761272787     
   2.6194217840398468     
   2.6308200357249945     
   3.2037131950800237     
   3.4085969683176440     
   3.5307191872587635     
   3.7915091863539332     
   3.9388577096600881     
   4.2920974135461103     
   4.4233361516470433     
   4.5429929422275297     
   4.8413206102977115     
   5.0928224187006732     
   5.1906078812064775     
   5.4273050006430497     
   5.6500291477980920     
   6.1709131765526690     
   6.1887209139394175     
   6.5016603617778408     
   6.6998614996774419     
   6.9800644864361532     
   7.1214009726219158     
   7.2461129591986060     
   7.5944084768352988     
   7.7046859517792239     
   8.1405254214533844     
   8.3787031837879695     
   8.6840061022628614     
   8.8303218627025846     
   9.0999332316805859     
   9.4189145448689793     
   9.5286097754703736     
   9.7368781579595698     
   10.078718988303855     
   10.314898900450762     
   10.663648007241617     
   10.850654579332089     
   11.171154239124373     
   11.364993164445481     
   11.517254141772764     
   11.716318743905683     
   11.959110428041200     
   12.392249449400261     
   12.501332509815622     
   12.871206382064747     
   13.021743028300378     
   13.139216773877072     
   13.651571547188247     
   13.828809414353980     
   14.250877653465782     
   14.344041879548033     
   14.725804253020458     
   15.095011057302461     
   15.270037197295267     
   15.507849914706796     
   15.786691696679028     
   16.102707170965004     
   16.182402168892096     
   16.307644619851615     
   16.654631873497319     
   17.013751987774285     
   17.227234107491533     
   17.259291736597966     
   17.648958641836703     
   17.883052200684858     
   18.234859493873213     
   18.428624186596092     
   18.980292583386216     
   19.455366603588637     
   19.716854123838115     
   19.743717707164539     
   20.024406786777085     
   20.407244403155151     
   20.737203914783009     
   20.995063393759789     
   21.114620471654220     
   21.576421034405051     
   21.720525885864586     
   22.231816352627899     
   22.721743840825877     
   23.008242696645365     
   23.813460072139438     
   23.899723413578908     
   24.413227634221158     
   25.361431675235014     
   25.955506048374694     
   26.277876475368814     
   26.437368485116998     
   27.718707950624427     
   28.491197698095764     
